1761909264140 0.47936696934147954 0
1761909264379 0.47953400836140886 0
1761909264637 0.47985193587818004 0
1761909264876 0.471221900772174 0
1761909265091 0.47745042375637087 0
1761909265323 0.48159437302897573 0
1761909265584 0.48056880447372774 0
1761909265852 0.47377807257099763 0
1761909266105 0.4817100041951961 0
1761909266336 0.476157603613997 0
1761909266609 0.4815650556325151 0
1761909266849 0.4815019241706408 0
1761909267076 0.4813167042368658 0
1761909267343 0.48152609629624465 0
1761909267588 0.4811018206046955 0
1761909267818 0.4784174816665116 0
1761909268086 0.45560029734882823 0
1761909268307 0.476157603613997 0
1761909268639 0.47979540059944403 0
1761909268942 0.48189445144256365 0
