1761909648085 0.4987450555182276 0
1761909651758 0.4987450555182276 0
1761909656297 0.49869667853706695 0
1761909670404 0.4984400961835247 0
1761909672270 0.8032294778674319 0
1761909674139 0.8031573081777895 0
1761909676384 0.8027312474979315 0
1761909680516 0.4987066284815251 0
1761909685189 0.49874507033615645 0
1761909687044 0.8031896275812686 0
1761909699592 0.8031017363002775 0
1761909701836 0.8040757018569197 0
1761909704138 0.8029447288882059 0
1761909706802 0.7556842553665964 0
1761909709046 0.8033791041966992 0
1761909711158 0.803220185404966 0
1761909713084 0.8032544271943834 0
1761909756642 0.8019449502042071 0
1761909759225 0.7947777012476965 0
1761909761550 0.80301512003823 0
1761909763866 0.8040146158564582 0
1761909766149 0.8032374306095172 0
1761909768532 0.803164062660494 0
1761909770797 0.80311224873017 0
1761909773209 0.750575494328673 0
