1761909418441 0.5840138391133124 0
1761909422710 0.5871150702413619 0
1761909425240 0.6068688888582087 0
1761909429238 0.6064102282435148 0
1761909432228 0.5915102153382203 0
1761909437541 -1.5918504909944993 0
1761909446507 -0.5801945550010859 0
1761909448602 0.5982535628026062 0
1761909453312 0.2649713821840975 0
1761909453686 0.48144521223357417 0
1761909454110 0.4766635961285603 0
1761909457973 0.597669970193385 0
1761909460744 0.29343725205623966 0
1761909471704 0.08266680694931867 0
1761909475268 0.601059046502383 0
1761909478169 0.45563775988739613 0
1761909478603 0.48020296432103055 0
1761909480436 0.13210911403198033 0
1761909490729 -0.25749189848802284 0
1761909491074 0.48010291978941666 0
